PCP06238_contig_2	1	16816	SW070910_contig_2	1	16822	color=232,232,232,0.5
PCP06238_contig_2	26684	28823	SW070910_contig_2	15042	17181	color=232,232,232,0.5
PCP06238_contig_2	40335	53764	SW070910_contig_2	17182	30611	color=232,232,232,0.5
PCP06238_contig_2	51021	58696	SW070910_contig_2	123038	130713	color=232,232,232,0.5
PCP06238_contig_2	53764	69358	SW070910_contig_2	129833	145427	color=232,232,232,0.5
PCP06238_contig_2	82443	101046	SW070910_contig_2	95390	113948	color=232,232,232,0.5
PCP06238_contig_2	147579	156861	SW070910_contig_2	197501	206783	color=232,232,232,0.5
PCP06238_contig_2	149823	151032	SW070910_contig_2	186817	188026	color=232,232,232,0.5
PCP06238_contig_2	58697	59959	SW070912_contig_2	35159	36421	color=232,232,232,0.5
PCP06238_contig_2	64886	66044	SW070912_contig_2	45555	46713	color=232,232,232,0.5
PCP06238_contig_2	66032	67809	SW070912_contig_2	42733	44510	color=232,232,232,0.5
PCP06238_contig_2	68276	69358	SW070912_contig_2	7494	8576	color=232,232,232,0.5
PCP06238_contig_2	1	16816	SW071620_contig_2	1	16823	color=232,232,232,0.5
PCP06238_contig_2	26684	28823	SW071620_contig_2	15043	17182	color=232,232,232,0.5
PCP06238_contig_2	40335	69358	SW071620_contig_2	17183	46206	color=232,232,232,0.5
PCP06238_contig_2	147579	156861	SW071620_contig_2	98280	107562	color=232,232,232,0.5
PCP06238_contig_2	149823	151032	SW071620_contig_2	87596	88805	color=232,232,232,0.5
SW070910_contig_2	134766	136028	SW070912_contig_2	35159	36421	color=232,232,232,0.5
SW070910_contig_2	140955	142113	SW070912_contig_2	45555	46713	color=232,232,232,0.5
SW070910_contig_2	142101	143878	SW070912_contig_2	42733	44510	color=232,232,232,0.5
SW070910_contig_2	144345	149295	SW070912_contig_2	3626	8576	color=232,232,232,0.5
SW070910_contig_2	1	30611	SW071620_contig_2	1	30612	color=232,232,232,0.5
SW070910_contig_2	123038	130713	SW071620_contig_2	27869	35544	color=232,232,232,0.5
SW070910_contig_2	129833	206783	SW071620_contig_2	30612	107562	color=232,232,232,0.5
SW070912_contig_2	3626	8576	SW071620_contig_2	45124	50074	color=232,232,232,0.5
SW070912_contig_2	35159	36421	SW071620_contig_2	35545	36807	color=232,232,232,0.5
SW070912_contig_2	42733	44510	SW071620_contig_2	42880	44657	color=232,232,232,0.5
SW070912_contig_2	45555	46713	SW071620_contig_2	41734	42892	color=232,232,232,0.5
PCP06238_contig_2	43485	44690			SW070910_contig_2	20332	21537			color=255,255,0,0.25
PCP06238_contig_2	43485	44690			SW071620_contig_2	20333	21538			color=255,255,0,0.25
SW070910_contig_2	20332	21537			SW071620_contig_2	20333	21538			color=255,255,0,0.25
PCP06238_contig_2	56886	57807			SW070910_contig_2	123927	124848			color=128,0,128,0.25
PCP06238_contig_2	56886	57807			SW070910_contig_2	132955	133876			color=128,0,128,0.25
PCP06238_contig_2	56886	57807			SW071620_contig_2	33734	34655			color=128,0,128,0.25
SW070910_contig_2	123927	124848			SW070910_contig_2	132955	133876			color=128,0,128,0.25
SW070910_contig_2	123927	124848			SW071620_contig_2	33734	34655			color=128,0,128,0.25
SW070910_contig_2	132955	133876			SW071620_contig_2	33734	34655			color=128,0,128,0.25
PCP06238_contig_2	4709922	4711055			SW070910_contig_2	4550265	4551398			color=0,255,0,0.25
PCP06238_contig_2	4709922	4711055			SW070912_contig_2	4592564	4593697			color=0,255,0,0.25
PCP06238_contig_2	4709922	4711055			SW071620_contig_2	4548448	4549581			color=0,255,0,0.25
SW070910_contig_2	4550265	4551398			SW070912_contig_2	4592564	4593697			color=0,255,0,0.25
SW070910_contig_2	4550265	4551398			SW071620_contig_2	4548448	4549581			color=0,255,0,0.25
SW070912_contig_2	4592564	4593697			SW071620_contig_2	4548448	4549581			color=0,255,0,0.25
PCP06238_contig_2	66065	66867			SW070910_contig_2	142134	142936			color=255,0,0,0.25
PCP06238_contig_2	66065	66867			SW070912_contig_2	43675	44477			color=255,0,0,0.25
PCP06238_contig_2	66065	66867			SW071620_contig_2	42913	43715			color=255,0,0,0.25
SW070910_contig_2	142134	142936			SW070912_contig_2	43675	44477			color=255,0,0,0.25
SW070910_contig_2	142134	142936			SW071620_contig_2	42913	43715			color=255,0,0,0.25
SW070912_contig_2	43675	44477			SW071620_contig_2	42913	43715			color=255,0,0,0.25
PCP06238_contig_2	65188	66003			SW070910_contig_2	141257	142072			color=0,255,255,0.25
PCP06238_contig_2	65188	66003			SW070912_contig_2	45857	46672			color=0,255,255,0.25
PCP06238_contig_2	65188	66003			SW071620_contig_2	42036	42851			color=0,255,255,0.25
SW070910_contig_2	141257	142072			SW070912_contig_2	45857	46672			color=0,255,255,0.25
SW070910_contig_2	141257	142072			SW071620_contig_2	42036	42851			color=0,255,255,0.25
SW070912_contig_2	45857	46672			SW071620_contig_2	42036	42851			color=0,255,255,0.25
PCP06238_contig_2	52469	52942			SW070910_contig_2	128792	129265			color=255,165,0,0.25
PCP06238_contig_2	52469	52942			SW070910_contig_2	29316	29789			color=255,165,0,0.25
PCP06238_contig_2	52469	52942			SW071620_contig_2	29317	29790			color=255,165,0,0.25
SW070910_contig_2	128792	129265			SW070910_contig_2	29316	29789			color=255,165,0,0.25
SW070910_contig_2	128792	129265			SW071620_contig_2	29317	29790			color=255,165,0,0.25
SW070910_contig_2	29316	29789			SW071620_contig_2	29317	29790			color=255,165,0,0.25
PCP06238_contig_2	68424	69284			SW070910_contig_2	144493	145353			color=255,0,255,0.25
PCP06238_contig_2	68424	69284			SW070912_contig_2	7568	8428			color=255,0,255,0.25
PCP06238_contig_2	68424	69284			SW071620_contig_2	45272	46132			color=255,0,255,0.25
SW070910_contig_2	144493	145353			SW070912_contig_2	7568	8428			color=255,0,255,0.25
SW070910_contig_2	144493	145353			SW071620_contig_2	45272	46132			color=255,0,255,0.25
SW070912_contig_2	7568	8428			SW071620_contig_2	45272	46132			color=255,0,255,0.25
PCP06238_contig_2	66867	67703			SW070910_contig_2	142936	143772			color=0,0,255,0.25
PCP06238_contig_2	66867	67703			SW070912_contig_2	42839	43675			color=0,0,255,0.25
PCP06238_contig_2	66867	67703			SW071620_contig_2	43715	44551			color=0,0,255,0.25
SW070910_contig_2	142936	143772			SW070912_contig_2	42839	43675			color=0,0,255,0.25
SW070910_contig_2	142936	143772			SW071620_contig_2	43715	44551			color=0,0,255,0.25
SW070912_contig_2	42839	43675			SW071620_contig_2	43715	44551			color=0,0,255,0.25
